  0
  0
  0
  0
  0
  0
  0
  0
  0
  0
126
186
181
178
203
219
198
168
151
133
103
 81
 67
 39
 12
 19
 47
 51
 41
 71
142
186
181
178
203
219
198
168
151
133
103
 81
 67
 39
 12
 19
 47
 51
 41
 71
142
186
181
178
203
219
198
168
151
133
103
 81
 67
 39
 12
 19
 47
 51
 41
 71
142
186
181
178
203
219
198
168
151
133
103
 81
 67
 39
 12
 19
 47
 51
 41
 71
142
186
181
178
203
219
198
168
151
133
103
 81
 67
 39
 12
 19
 47
 51
 41
 71
142
186
181
178
203
219
198
168
151
133
103
 81
 67
 39
 12
 19

 
 
