28
34
42
49
58
66
76
85
95
105
115
125
135
145
155
165
175
184
193
202
210
218
225
232
238
243
248
252
255
255
255
255
255
255
255
254
251
247
243
237
231
224
217
209
201
192
183
174
164
154
144
134
124
114
103
94
84
74
65
57
48
41
34
27
21
16
11
7
4
2
0
0
0
0
2
4
8
12
16
22
28
34
42
49
58
66
76
85
95
105
115
125
135
145
155
165
175
184
193
202
210
218
225
232
238
243
248
252
255
255
255
255
255
255
255
254
251
247
243
237
231
224
217
209
201
192
183
174
164
154
144
134
124
114
103
94
84
74
65
57
48
41
34
27
21
16
11
7
4
2
0
0
0
0
2
4
8
12
16
22
28
34
42
49
58
66
76
85
95
105
115
125
135
145
155
165
175
184
193
202
210
218
225
232
238
243
248
252
255
255
255
255
255
255
255
254
251
247
243
237
231
224
217
209
201
192
183
174
164
154
144
134
124
114
103
94
84
74
65
57
48
41
34
27
21
16
11
7
4
2
0
0
0
0
2
4
8
12
16
22
28
34
42
49
58
66
76
85
95
105
115
125
135
145
155
165
175
184
193
202
210
218
225
232
238
243
248
252
255
255
255
255
255
255
255
254
251
247
243
237
231
224
217
209
201
192
183
174
164
154
144
134
124
114
103
94
84
74
65
57
48
41
34
27
21
16
11
7
4
2
0
0
0
0
2
4
8
12
16
22
28
34
42
49
58
66
76
85
95
105
115
125
135
145
155
165
175
184
193
202
210
218
225
232
238
243
248
252
255
255
255
255
255
255
255
254
251
247
243
237
231
224
217
209
201
192
183
174
164
154
144
134
124
114
103
94
84
74
65
57
48
41
34
27
21
16
11
7
4
2
0
0
0
0
2
4
8
12
16
22
28
34
42
49
58
66
76
85
95
105
115
125
135
145
155
165
175
184
193
202
210
218
225
232
238
243
248
252
255
255
255
255
255
255
255
254
251
247
243
237
231
224
217
209
201
192
183
174
164
154
144
134
124
114
103
94
84
74
65
57
48
41
34
27
21
16
11
7
4
2
0
0
0
0
2
4
8
12
16
22
