  0
  0
  0
  0
  0
  0
  0
  0
  0
  0
  3
 16
 39
 71
110
149
187
219
243
253
253
242
219
186
148
109
 71
 39
 15
  3
  3
 16
 39
 71
110
149
187
219
243
253
253
242
219
186
148
109
 71
 39
 15
  3
  3
 16
 39
 71
110
149
187
219
243
253
253
242
219
186
148
109
 71
 39
 15
  3
  3
 16
 39
 71
110
149
187
219
243
253
253
242
219
186
148
109
 71
 39
 15
  3
  3
 16
 39
 71
110
149
187
219
243
253
253
242
219
186
148
109
 71
 39
 15
  3
  3
 16
 39
 71
110
149
187
219
243
253
253
242
219
186
148
109
 71
 39
 15
  3

 
 
