  0
  0
  0
  0
  0
  0
  0
  0
  0
  0
 35
 72
110
149
187
219
243
253
253
242
218
186
148
108
 70
 38
 15
  3
  3
 16
 39
 72
110
149
187
219
243
253
253
242
218
186
148
108
 70
 38
 15
  3
  3
 16
 39
 72
110
149
187
219
243
253
253
242
218
186
148
108
 70
 38
 15
  3
  3
 16
 39
 72
110
149
187
219
243
253
253
242
218
186
148
108
 70
 38
 15
  3
  3
 16
 39
 72
110
149
187
219
243
253
253
242
218
186
148
108
 70
 38
 15
  3
  3
 16
 39
 72
110
149
187
219
243
253
253
242
218
186
148
108
 70
 38
 15
  3
  3
 13
 20
 21
 22
 
