  0
  0
  0
  0
  0
  0
  0
  0
  0
  0
230
 16
171
 45
 78
126
 73
171
126
 93
192
 79
  9
207
214
148
 69
170
 94
139
214
142
171
 45
 78
126
 73
171
126
 93
192
 79
  9
207
214
148
 69
170
 94
139
214
142
171
 45
 78
126
 73
171
126
 93
192
 79
  9
207
214
148
 69
170
 94
139
214
142
171
 45
 78
126
 73
171
126
 93
192
 79
  9
207
214
148
 69
170
 94
139
214
142
171
 45
 78
126
 73
171
126
 93
192
 79
  9
207
214
148
 69
170
 94
139
214
142
171
 45
 78
126
 73
171
126
 93
192
 79
  9
207
214
148
 69
170
 52
240
220

